	logFC	logCPM	F	PValue	FDR
Tatro_002208-T1	-1.84328735162963	5.40075099864936	97.0384436563709	1.75668775562383e-09	5.52001735279739e-06
Tatro_011096-T1	-1.20328045897947	5.52454556561384	95.2782228064919	2.06982179380337e-09	5.52001735279739e-06
Tatro_008592-T1	-1.54031007632897	6.41900167215348	93.4725834448608	2.4555237334508e-09	5.52001735279739e-06
Tatro_011193-T1	-1.7769276895162	5.59275713588909	87.8612261215152	4.25120273152264e-09	7.64536299237032e-06
Tatro_007063-T1	-1.39013488320348	6.72042447802748	70.9803765515046	2.67995471686695e-08	1.6686234407108e-05
Tatro_003659-T1	-1.95545129126075	4.86507952499812	70.7498029296453	2.75451492028403e-08	1.6686234407108e-05
Tatro_003634-T1	-1.52844118688337	7.4119232181074	70.6619621323958	2.78351330189746e-08	1.6686234407108e-05
Tatro_007264-T1	-0.885853634344961	6.08856871775295	66.8653032979152	4.42070587411479e-08	2.23846894804718e-05
Tatro_002289-T1	-2.05359818988217	7.93288322571686	62.715514632035	7.5048475620256e-08	3.49979255500729e-05
Tatro_004301-T1	-1.75372544051187	3.77445162907401	62.4363256467404	7.78423610989166e-08	3.49979255500729e-05
Tatro_007727-T1	-1.40807213916516	8.23894420745953	61.7776265885917	8.48949303194833e-08	3.63512006396569e-05
Tatro_011195-T1	-1.6349782968212	10.0177747100135	59.1595962323315	1.20680798894896e-07	4.17369901408811e-05
Tatro_010357-T1	-1.63837729233528	4.05936289316799	57.4722927010049	1.52329044994509e-07	5.07312137996528e-05
Tatro_006181-T1	-1.69223261561912	4.41795019966286	56.3857311158088	1.77454128726446e-07	5.36569924883818e-05
Tatro_011862-T1	-0.810747775796354	7.39078733880121	56.0282819095	1.86682662565433e-07	5.41500161867217e-05
Tatro_009227-T1	-1.59203369224951	7.39625332760976	53.7393289525068	2.59773142441473e-07	7.29962530260539e-05
Tatro_008968-T1	-0.914015672407969	8.46070711793304	53.4070618542163	2.72767231661263e-07	7.43249377908507e-05
Tatro_001984-T1	-1.64422101324508	5.04314736338201	51.4163647249799	3.671438298965e-07	9.5788646879052e-05
Tatro_002173-T1	-1.30763341767762	11.3998530418352	51.304527490644	3.73415296198689e-07	9.5788646879052e-05
Tatro_002031-T1	-2.65106204100121	7.32969906309028	50.9885777993747	3.91773888160948e-07	9.5788646879052e-05
Tatro_011192-T1	-0.842266681291472	6.58078343622767	50.655599587127	4.12195047637313e-07	9.7538364956703e-05
Tatro_006412-T1	-0.847609780180914	7.56400085234649	50.1290088307828	4.46903915275931e-07	0.000100464000154029
Tatro_003858-T1	-0.842843936627834	7.5448140144598	48.9806740291363	5.34199932151831e-07	0.000114369661664506
Tatro_007963-T1	-1.71165294226292	9.66246506373068	47.5431170754988	6.70729870938659e-07	0.000137072795442737
Tatro_008910-T1	-1.10944788555162	5.58343620093948	46.1472176568332	8.40544134044505e-07	0.000164308105507134
Tatro_004923-T1	-0.792170158473934	6.95092783046326	45.4327700699067	9.45210495999197e-07	0.000180836867660102
Tatro_010893-T1	-3.2116443962299	3.57625495288528	45.0062840963778	1.01442427007446e-06	0.000190035479927283
Tatro_002387-T1	-0.756975990814135	7.88895040673918	44.7123497129002	1.06534293711034e-06	0.000195501299806044
Tatro_005653-T1	-1.55102879588936	6.18187524095945	44.0245625913099	1.19574753666874e-06	0.000214400314912933
Tatro_009871-T1	-0.870122488559694	9.19080985206585	43.9250605874012	1.2160160209697e-06	0.000214400314912933
Tatro_009558-T1	-0.834248327659828	6.92094377321888	43.7249272944385	1.25792934749181e-06	0.000215239589891215
Tatro_001227-T1	-1.31853623398836	5.50329127657098	43.2772765203242	1.35750909014265e-06	0.000226050402565976
Tatro_005654-T1	-0.734080951297462	6.5913034974381	42.7260078916329	1.49214568048969e-06	0.000239595963552916
Tatro_001416-T1	-0.970303936602795	7.5769077924328	42.5353750069428	1.54204537541639e-06	0.000243264421328846
Tatro_005628-T1	-1.6124188501731	3.73117683217233	42.2349168118357	1.62443410072007e-06	0.000251843300580602
Tatro_003252-T1	-0.882444534337968	6.02221583294188	40.9745190121532	2.02644290377242e-06	0.000308843637130875
Tatro_007083-T1	-1.12955877590146	5.0223848865704	40.7973657323257	2.0911790055811e-06	0.000311342798792458
Tatro_003381-T1	-0.99407030615332	6.79090492724675	40.7414202558747	2.11208971600756e-06	0.000311342798792458
Tatro_011732-T1	-0.917454225004644	7.11964073975127	40.5747925794808	2.1757356329894e-06	0.000315551851803882
Tatro_006180-T1	-3.33342338746411	2.85620180274529	40.2738019371963	2.29608171621327e-06	0.000322156663692232
Tatro_006456-T1	-1.01364218888823	5.76699007907319	40.2396926448113	2.31017222962253e-06	0.000322156663692232
Tatro_003610-T1	-1.7740207247998	2.96950439942653	40.195049977886	2.3287570217966e-06	0.000322156663692232
Tatro_006435-T1	-1.46476935915999	4.45346552951174	38.5848545183635	3.12174356242953e-06	0.000400596877725011
Tatro_007992-T1	-2.2819649923493	4.87777078778773	38.0243106591654	3.46360706349945e-06	0.000424556485607312
Tatro_001054-T1	-0.715226546807358	6.56097899306341	37.9775788127582	3.49390346251569e-06	0.000424556485607312
Tatro_006114-T1	-1.7184833140219	2.02631373889004	37.7751154360917	3.62854806059454e-06	0.000435038722144881
Tatro_005906-T1	-1.26178505258836	4.37922332284825	37.1545889881912	4.07780584329532e-06	0.000482468817669889
Tatro_009948-T1	-1.05126283679077	3.83898345321463	37.0760746898677	4.13885379666047e-06	0.000483332121293129
Tatro_003971-T1	-1.15543276814399	6.46009890137296	36.9978437560144	4.20067621622626e-06	0.000484262570978288
Tatro_000360-T1	-0.784389703403362	5.58996515858695	36.6913442329383	4.4527951857355e-06	0.00050682954822954
Tatro_008164-T1	-0.815717026467293	6.13369137867959	36.1896632816933	4.90189753818261e-06	0.00054043125155137
Tatro_004674-T1	-0.899521107311696	6.71536894057903	36.1210622493158	4.96706413260687e-06	0.00054043125155137
Tatro_000689-T1	-1.09671417159949	7.2481630132362	36.1136434237234	4.97416808338582e-06	0.00054043125155137
Tatro_009076-T1	-0.720816131650479	5.86057796122675	35.8815526094342	5.20211408998514e-06	0.000556873927346981
Tatro_005606-T1	-1.12554420504488	5.94803806945663	35.6603505213201	5.43002811434458e-06	0.000574433091813959
Tatro_001099-T1	-2.39932605859669	4.40964380952957	34.7003887403275	6.55374198725117e-06	0.000677370666084626
Tatro_002423-T1	-0.685019741406082	5.96923740954919	34.0838295673964	7.40830739890843e-06	0.00075699431967028
Tatro_005015-T1	-0.707799172331724	10.1614602133618	33.8678307480186	7.73591082616694e-06	0.000781587754481945
Tatro_007605-T1	-1.12911610461714	10.0992881199702	33.2961602247664	8.68193865927346e-06	0.000857890026639417
Tatro_005358-T1	-0.86038660485015	9.79267217010639	33.1690439371859	8.90905458452904e-06	0.000870763248087882
Tatro_000233-T1	-1.02722183655346	6.6519333648958	33.0861986965373	9.06056400934927e-06	0.000876049371742673
Tatro_000425-T1	-1.49364053464728	5.11812921644285	32.5815248033472	1.00466022548361e-05	0.000950937341847223
Tatro_004880-T1	-0.730601279036809	6.75231238254032	31.6825626210856	1.21065391602668e-05	0.00113397916801166
Tatro_003307-T1	-0.689406389100794	6.80704038819418	31.5923862789771	1.23373988946504e-05	0.00114368959650202
Tatro_005569-T1	-1.24500222990001	3.51338972788615	31.49378043153	1.25953613145612e-05	0.0011504844000442
Tatro_007827-T1	-0.957281680372289	8.02804057633578	31.4669429191784	1.26665875894546e-05	0.0011504844000442
Tatro_001115-T1	-1.88184134128886	5.87304922365179	31.3387271518264	1.30130020660857e-05	0.00117012914578243
Tatro_009240-T1	-0.90640751196846	5.83922885180861	31.257919386437	1.32366426570274e-05	0.00117845436407911
Tatro_000802-T1	-0.822933979744319	7.01985392961632	30.902289741345	1.42720654836748e-05	0.00122426565241589
Tatro_010796-T1	-1.4109221921899	6.12873925478156	30.8479415492215	1.44379591236468e-05	0.00122426565241589
Tatro_005625-T1	-1.44795399783852	4.24875670343642	30.7479279110646	1.47487799322329e-05	0.00122426565241589
Tatro_008848-T1	-1.21448908027457	10.2066908658965	30.7041587149174	1.48871002155729e-05	0.00122426565241589
Tatro_008551-T1	-0.993259791161663	6.4739723519219	30.6760869475393	1.49765593600698e-05	0.00122426565241589
Tatro_005761-T1	-0.756371867419877	6.71936390058307	30.5576224305598	1.53606095244948e-05	0.00124434775535367
Tatro_007830-T1	-0.865608216899982	6.66320308050592	30.5022801684735	1.55437027403818e-05	0.00124793727715637
Tatro_005912-T1	-1.21089432230378	5.1229529059008	30.4262043334966	1.57992962496177e-05	0.00125723249448285
Tatro_004070-T1	-1.50588789611195	1.77415745345376	30.0492677390306	1.71353718178278e-05	0.00135159002970094
Tatro_001640-T1	-1.91958162250214	3.31129875526066	29.3788766557868	1.98273692888177e-05	0.00152829690259174
Tatro_008026-T1	-1.01991029095128	10.3838105364488	29.3655117510342	1.98855357654842e-05	0.00152829690259174
Tatro_006512-T1	-2.65764901580551	3.74619411335645	29.3150554514786	2.01068184977672e-05	0.00153220772823663
Tatro_000433-T1	-1.56002785403711	4.36529609746291	29.0384555294241	2.13687314775459e-05	0.00161468599534532
Tatro_010940-T1	-0.612197671076441	6.76435910560646	29.000458985679	2.15487435493293e-05	0.00161471918329641
Tatro_009484-T1	-1.0661202038785	4.98711809076199	28.8875793064415	2.20933741356633e-05	0.0016418481010569
Tatro_002163-T1	-2.69753716162118	2.18839729389951	28.7371950389886	2.28424780811586e-05	0.00167010618060899
Tatro_003544-T1	-0.656550040517176	9.82093660755263	28.7366799323576	2.28450912160704e-05	0.00167010618060899
Tatro_011586-T1	-1.20962762541664	5.27839578669749	28.4716625967637	2.42339005130896e-05	0.00172945423344208
Tatro_002403-T1	-3.97073962133183	2.03047111146771	28.3417293060086	2.49483226687142e-05	0.0017664198223392
Tatro_003291-T1	-1.25121679429799	6.89562149250062	28.2958874116819	2.52058491134161e-05	0.00177071090021748
Tatro_006821-T1	-1.77140563012633	1.39167376047867	28.2578804500724	2.54215660181805e-05	0.00177202109794945
Tatro_002331-T1	-2.05301728827226	4.45913361575149	28.1547208810423	2.60173151273367e-05	0.00179959767403855
Tatro_008806-T1	-0.825959999794377	9.21920987461424	27.4559813553098	3.04778569337889e-05	0.00203005103369356
Tatro_005602-T1	-0.759476630582964	6.82670091486759	26.8215131384233	3.52598263294929e-05	0.00229750984315072
Tatro_007753-T1	-0.747582489690616	5.2564877388953	26.7399588487409	3.59318238180295e-05	0.00232445294799799
Tatro_004113-T1	-0.66017918098226	5.69877513745931	26.5093109729323	3.79093581407966e-05	0.00239602335981591
Tatro_001130-T1	-1.365429518954	4.98655745865043	26.4873215327154	3.81040191785671e-05	0.00239602335981591
Tatro_004016-T1	-0.638388432105158	10.2119277503536	26.327326109651	3.95537338491129e-05	0.00245287706738775
Tatro_004692-T1	-0.889697868369106	4.72602247025796	26.1833254689947	4.0910213073491e-05	0.00250483683914828
Tatro_009258-T1	-0.996579685188697	8.46821529397411	26.179312788567	4.09487339140121e-05	0.00250483683914828
Tatro_003217-T1	-0.701822676356308	5.93679158291953	26.0551815476764	4.21601861904421e-05	0.00255767616079496
Tatro_004344-T1	-1.00357754104226	4.92146622559458	25.7117282810552	4.57212674821443e-05	0.00274083758132961
Tatro_001556-T1	-2.11978665459238	4.31248569508097	25.3627532609993	4.96794762433906e-05	0.00289376182454804
Tatro_001410-T1	-0.869153785293789	3.6937441378627	25.3199021727033	5.01908051857322e-05	0.00289376182454804
Tatro_002178-T1	-0.697475861353205	8.31243256596309	25.2223002064037	5.137708449314e-05	0.00292394141621718
Tatro_003826-T1	-2.49933720366176	2.95190481517424	25.1494222236644	5.22828620161464e-05	0.00295677669968043
Tatro_005619-T1	-0.706726367636398	8.08056184926129	25.0724823840726	5.32581196364218e-05	0.00298596226935293
Tatro_007904-T1	-4.18088494926666	0.0554002923068906	25.0307712504429	5.37951387494634e-05	0.00298596226935293
Tatro_009520-T1	-0.643169121839795	5.24341004971359	24.9727919127783	5.45514715468108e-05	0.0030093670683983
Tatro_007034-T1	-0.734783867117358	5.7344744517269	24.904717517103	5.54543754325793e-05	0.00304052282859605
Tatro_005841-T1	-1.39038974618204	3.40596575076225	24.862515938769	5.60223175688215e-05	0.00305304654290208
Tatro_002947-T1	-0.694081686488183	8.17099282711697	24.7961296972654	5.69286545087801e-05	0.00308374976712621
Tatro_004008-T1	-1.08560683105575	4.34872001416266	24.40905267687	6.25433014788514e-05	0.00326970562149902
Tatro_008849-T1	-1.22984746780404	6.56207291518092	24.3153099369126	6.39924158475502e-05	0.00330962802686689
Tatro_007566-T1	-1.12334892032174	6.12983160048185	24.2501716877184	6.50209691933423e-05	0.0033248292176216
Tatro_004057-T1	-1.06522578464215	5.16817335312911	24.2212448926978	6.54835207118083e-05	0.0033248292176216
Tatro_006747-T1	-0.731126145169566	6.15294754270541	24.2154663393979	6.55763529610713e-05	0.0033248292176216
Tatro_005133-T1	-0.721628005987038	6.75199797824692	24.0711694310566	6.79418120847596e-05	0.00340373594719905
Tatro_009785-T1	-0.976642116736072	6.17116481420203	24.0596113487887	6.81352836405504e-05	0.00340373594719905
Tatro_004848-T1	-1.53461735015711	9.9207655616354	23.869284091518	7.14094385347937e-05	0.0034897482136134
Tatro_001768-T1	-0.692857263407107	4.73739980903185	23.7390745685602	7.37484386456644e-05	0.00358457275838819
Tatro_000952-T1	-2.3129541878024	3.82960289815536	23.6610226547199	7.51906175389276e-05	0.00363502168231203
Tatro_008779-T1	-0.997671646132118	3.37299433680227	23.618663909819	7.5986184410466e-05	0.00364113764972266
Tatro_009459-T1	-0.643945552922752	6.99854001799849	23.5239160442998	7.77992567918727e-05	0.00369668001865235
Tatro_003491-T1	-0.884512772373761	3.97736134628086	23.4938772606152	7.83839140247231e-05	0.00369668001865235
Tatro_010637-T1	-0.733897307784563	7.01867842247367	23.486840785726	7.85215617840969e-05	0.00369668001865235
Tatro_009014-T1	-1.40913366867217	2.25475659018806	23.417788774561	7.98864831094744e-05	0.00372196505761862
Tatro_000092-T1	-0.771341217581116	7.42960630448285	23.0824192184016	8.68954862448114e-05	0.00402765057893476
Tatro_006300-T1	-0.745765320705359	6.12732189160914	23.0251601721983	8.81580893880385e-05	0.00406521815270381
Tatro_008385-T1	-0.855889539680439	5.42467911321895	22.892551117695	9.11600011643236e-05	0.00418219760443672
Tatro_011587-T1	-1.32782858226803	4.35198238066056	22.8485293323057	9.21811270580684e-05	0.00420757712947285
Tatro_002485-T1	-1.03598911118018	7.47327806694802	22.7130553850121	9.54029222197917e-05	0.00431086973166014
Tatro_006475-T1	-0.828778945202923	6.36691623741924	22.6899187944913	9.59653701784338e-05	0.00431460304322238
Tatro_005907-T1	-0.78091214555042	8.7946170162998	22.5423884363254	9.96382984147959e-05	0.00440830282082082
Tatro_010685-T1	-0.622293299264698	7.47243660205828	22.5334312215496	9.98662004922291e-05	0.00440830282082082
Tatro_007242-T1	-0.764063322001013	9.50196165742448	22.5309858878486	9.99285172131557e-05	0.00440830282082082
Tatro_008474-T1	-0.6830645760869	8.48545498410654	22.3804700856252	0.000103847432997759	0.00453299086172743
Tatro_006170-T1	-0.842608278533677	5.97334681038829	22.1323608007479	0.000110679622149752	0.0047516578547803
Tatro_002681-T1	-2.00354803654206	3.75767367212829	22.1275700569011	0.000110816295772443	0.0047516578547803
Tatro_006414-T1	-4.54626514692151	0.575246458396922	21.8771689003158	0.000118223701789631	0.00501446946458661
Tatro_007824-T1	-0.584034120206442	6.63319187182524	21.7782180531706	0.000121298877438408	0.00512074885411344
Tatro_003167-T1	-2.00327770975978	3.39584309302803	21.717822889114	0.000123218792537242	0.00517749244156486
Tatro_003841-T1	-0.597550617520012	5.8254901179359	21.5935413149696	0.000127275121724426	0.00527399951403704
Tatro_002376-T1	-0.902673106578584	5.05669028735968	21.3193344233796	0.000136751658725697	0.00561493568612542
Tatro_010362-T1	-1.14818758556754	5.16760878952981	21.2686076379662	0.000138588039144515	0.00563884003614242
Tatro_003816-T1	-1.71332776595206	5.76076005996559	21.2213527116581	0.000140323044567822	0.00568371539078312
Tatro_003623-T1	-0.762635109784638	5.31492236250949	21.1600803340512	0.000142608214229439	0.00574706971498608
Tatro_011400-T1	-1.41839397768482	2.72532208615082	20.9883666166257	0.000149232292358482	0.00591143952813862
Tatro_007758-T1	-0.595486346540928	7.20855754596506	20.9091675517473	0.000152400401346187	0.00598394107550588
Tatro_002522-T1	-0.973276334913762	3.58513418159635	20.8929299162012	0.000153058991032735	0.00598394107550588
Tatro_011166-T1	-0.667187674861279	3.85712853295281	20.8095054884545	0.000156492142923197	0.00603938776465833
Tatro_000347-T1	-0.570423824572386	6.24930400053059	20.7904569806851	0.000157287811381732	0.00604415384591681
Tatro_004328-T1	-1.00674631415015	6.01302186665667	20.774039012556	0.000157977155392879	0.00604426311566498
Tatro_005087-T1	-0.600029328058254	10.2839541013428	20.7524139160427	0.000158890184923822	0.00604426311566498
Tatro_001047-T1	-0.787959297893395	5.29983922139908	20.7425820956093	0.000159307201780761	0.00604426311566498
Tatro_002521-T1	-1.02915931055459	4.86870173601863	20.7252596782074	0.000160044851204125	0.00604673656314074
Tatro_003592-T1	-0.919867030828532	7.88219833458985	20.7002148350004	0.000161117969307558	0.00606181079503583
Tatro_006312-T1	-0.648943513032945	6.72485960218484	20.6685821724839	0.000162484636074989	0.00608775769827624
Tatro_008346-T1	-1.09439003706935	6.69314194802559	20.6382742174577	0.000163805984791205	0.00611179840349593
Tatro_000944-T1	-1.39028081955698	4.5934948768962	20.5626420154678	0.00016715495698989	0.00621098088121113
Tatro_010028-T1	-0.886263293650062	5.63529484655285	20.4193014332654	0.000173709629079542	0.00637549789666631
Tatro_002140-T1	-1.22953295736954	8.73775286068315	20.3704601287041	0.000176006917147021	0.00642357592893842
Tatro_004534-T1	-0.943436313960389	4.50731090978021	20.3540379940699	0.000176786801805676	0.00642357592893842
Tatro_007492-T1	-0.803251237570736	4.20983150921837	20.3332031161472	0.000177781697728698	0.00642357592893842
Tatro_009218-T1	-0.716775267013944	4.31188174283258	20.3223091646072	0.000178304339546916	0.00642357592893842
Tatro_009673-T1	-0.913415431061581	7.17529826584033	20.2544933169104	0.00018159591186875	0.00647980333144365
Tatro_005056-T1	-0.787080439035503	6.44254192454649	20.1763262461597	0.000185472688151705	0.00653363124820498
Tatro_003584-T1	-0.689552000447915	7.6008038830906	20.1656168482385	0.000186010854041423	0.00653363124820498
Tatro_008221-T1	-1.49350704866575	6.49083911042681	20.116259872308	0.000188513327817513	0.00658618860871315
Tatro_005971-T1	-0.757695741408286	6.12897342994035	20.0802698312612	0.000190361317254928	0.00660899214191625
Tatro_005922-T1	-0.851974280737532	4.78556702148848	19.8541171831335	0.000202437554006099	0.00697440032805686
Tatro_010482-T1	-0.961120302871285	4.50200234773961	19.8009117581783	0.000205398992920342	0.00702261499748942
Tatro_001873-T1	-0.706493961008078	6.50366773957274	19.5135073162418	0.00022223899580795	0.0074845432595696
Tatro_011424-T1	-1.88142859792063	6.32294850466355	19.4110326413594	0.000228604396087613	0.00767018928962617
Tatro_010530-T1	-0.713014799611263	9.00541279565727	19.383466591579	0.000230350608122449	0.00770004709381806
Tatro_003545-T1	-0.662239214399778	10.1824544657605	19.3348415641442	0.000233466556339409	0.007768294470575
Tatro_002584-T1	-1.35512490646012	3.92814570642587	19.1537229431312	0.000245485645249644	0.00805622964264525
Tatro_002804-T1	-1.45246831318417	5.93702084190057	19.0820939599402	0.000250424632004411	0.00816446434554845
Tatro_009519-T1	-0.639140079761044	6.42722977869426	19.0795840061773	0.000250599661851798	0.00816446434554845
Tatro_000773-T1	-1.38772148689311	3.12714599315211	18.9748835831351	0.000258021628913726	0.0083158798824094
Tatro_002770-T1	-1.91697559488411	1.58784000057164	18.9556022420653	0.000259414518114931	0.00833091195317664
Tatro_005012-T1	-0.838336396874622	10.1431436710186	18.8824200290686	0.000264776674691351	0.00846338428321512
Tatro_003341-T1	-0.952717243735118	8.44955687719157	18.857054792074	0.00026666345961734	0.00846338428321512
Tatro_011585-T1	-0.837767401253136	5.08091747210537	18.8484829811342	0.000267304396845318	0.00846338428321512
Tatro_011562-T1	-0.884333416222088	7.27997123736398	18.6765919130002	0.000280520060036373	0.00881970762184289
Tatro_000531-T1	-0.859216992944307	6.83195988543714	18.5432776222959	0.000291262842863151	0.00906240651565901
Tatro_005539-T1	-0.57219038859664	5.88224033875329	18.4640313683692	0.000297861770679248	0.00922235485765483
Tatro_002789-T1	-0.875692902517983	8.43932906485441	18.4570044829649	0.000298454766856935	0.00922235485765483
Tatro_003627-T1	-0.780343323266722	8.40180255700555	18.421371226495	0.000301481822502955	0.00928398817789921
Tatro_011766-T1	-1.43940997184132	3.12920702245525	18.1862695493156	0.000322317114933465	0.00982466270332784
Tatro_005482-T1	-0.960789395801176	8.74687321698282	18.1474819562893	0.000325903791502992	0.00990042869322602
Tatro_010483-T1	-1.01526494100721	3.22211941029695	18.102308866475	0.000330136158572223	0.00994044586437665
Tatro_004975-T1	-0.811016766050088	4.79434449853121	18.0903449749927	0.000331267144518751	0.00994044586437665
Tatro_003935-T1	-0.655955947610563	7.70877421905471	18.0863790881792	0.000331642989247441	0.00994044586437665
Tatro_002728-T1	-1.70541808543086	5.38382861126735	17.8590533333573	0.000353987888430064	0.0105051455206704
Tatro_005399-T1	-0.823747440658917	9.06167771220396	17.7133416241662	0.000369175618085998	0.0108840234682928
Tatro_001176-T1	-0.771459940462809	3.87273194593589	17.6749814747152	0.000373291712658286	0.0109694087588997
Tatro_004797-T1	-4.40163160313871	0.318242448516227	19.1419404955602	0.000374877176943897	0.0109801158797378
Tatro_002030-T1	-1.06314535822269	7.3067068248767	17.6074314779588	0.000380662726950686	0.0110936669162141
Tatro_003229-T1	-0.761941947033086	5.56231875267209	17.6023699517774	0.000381221427614563	0.0110936669162141
Tatro_008698-T1	-0.708301082920684	4.64720620594348	17.5530807289362	0.000386709299378514	0.0111809968489119
Tatro_004909-T1	-0.748259814780783	7.81939568006154	17.4052214601281	0.000403698163523828	0.0115377215860899
Tatro_003244-T1	-0.730083027251392	10.9764493324918	17.4011319318045	0.000404179526203107	0.0115377215860899
Tatro_009973-T1	-1.30733364234467	4.07287599448948	17.3183807822936	0.000414056265414447	0.0117081570396437
Tatro_001739-T1	-0.794557080348824	8.6106977260021	17.2636734223806	0.000420730971913708	0.011798261145893
Tatro_005304-T1	-0.606385410141074	5.89399843139491	16.971439655914	0.000458443384973324	0.0126064921029973
Tatro_000873-T1	-1.57770562127505	4.60224430338978	16.8289775624889	0.000478159038392268	0.0130687114687637
Tatro_000916-T1	-0.586501294414421	8.62571158279369	16.8037283882665	0.000481749358501541	0.013086999358698
Tatro_011715-T1	-0.751285863912608	7.24439781029698	16.7290253844947	0.000492546017840331	0.0131423554671224
Tatro_007706-T1	-0.851431815400753	5.70984492979496	16.6476071297531	0.000504616247981894	0.0134245837332935
Tatro_003350-T1	-0.603891226076392	10.8013020431682	16.6190571342792	0.000508925274346502	0.0134382534622269
Tatro_011393-T1	-1.44174055739708	1.37964506942289	16.5999225243348	0.00051183581879086	0.0134382534622269
Tatro_011407-T1	-1.74000484767053	2.54594416234694	16.565517948849	0.000517115079415174	0.0135171476572711
Tatro_006995-T1	-0.593624209540694	5.12068432711785	16.4417858824969	0.000536600600844461	0.0139858336312852
Tatro_006703-T1	-0.997950292604665	3.86445156970458	16.399090061136	0.000543510109706717	0.0140438014554103
Tatro_005882-T1	-0.841722897063109	5.39533943503119	16.3174172188039	0.00055700073294745	0.0143101445447528
Tatro_011383-T1	-0.619142990893676	5.83020376512414	16.2997595368832	0.000559965428752821	0.0143453251719241
Tatro_007991-T1	-1.56810409293807	3.56700439190797	16.122162578275	0.000590765193777973	0.0148384374928814
Tatro_011520-T1	-0.871125891123557	7.19351047730221	16.0258190552562	0.000608247318927022	0.0151926663660883
Tatro_005943-T1	-1.26155366360762	4.87480509292119	16.0025945804713	0.000612545905600929	0.0152155049258662
Tatro_001520-T1	-1.34591659339051	3.64339304276698	15.9799947544748	0.000616760882702168	0.0152779996067711
Tatro_006702-T1	-1.12531784439661	4.16343631062711	15.9394217202499	0.000624407995420658	0.0153826758762262
Tatro_010616-T1	-0.820954670349403	5.61435222432743	15.9192701691847	0.000628244716458529	0.0154349084437024
Tatro_000022-T1	-0.785782433705369	3.85684257140971	15.7036084006605	0.000670964569709797	0.0162185844377164
Tatro_011774-T1	-0.655096456849047	8.70176346502729	15.6332003784975	0.000685593639676	0.0163340677611679
Tatro_010908-T1	-0.954946618172787	4.48213283232297	15.6110207735814	0.000690274215885652	0.0163340677611679
Tatro_000890-T1	-3.112386101939	2.10000453622918	15.5171945663112	0.000710465903413304	0.016680181210163
Tatro_007988-T1	-2.42919338637866	0.626876231460874	15.4725389877365	0.000720302766846298	0.0167554068702992
Tatro_000001-T1	-3.17824584561686	2.72653123710959	15.4176634549026	0.000732596072170089	0.0169781027859625
Tatro_003801-T1	-0.880848198529893	2.54507558479635	15.3904517992767	0.000738777292395622	0.0170335523415934
Tatro_000354-T1	-1.48959625544057	1.56671463648438	15.3673923587309	0.000744060124998778	0.0170678281734414
Tatro_002639-T1	-0.907239413936924	6.05972724450449	15.3265175538629	0.000753526532761623	0.017110380259072
Tatro_006115-T1	-1.4502674080117	2.64892027422934	15.3003016861598	0.000759667514348537	0.0171542186395327
Tatro_009980-T1	-0.788932990754512	5.73914523844708	15.2522697712263	0.000771061797937692	0.0173334692176393
Tatro_009514-T1	-0.828558962064203	5.04098189220253	15.2291754970741	0.000776606940672162	0.0174145875574167
Tatro_011787-T1	-2.70189922495306	0.173614817891038	15.0912495742981	0.000810648970009543	0.017909964467631
Tatro_011843-T1	-0.659660168460351	7.7980620223666	14.9892943764098	0.000836865193232671	0.0183987575001178
Tatro_007687-T1	-0.655322990195909	6.43648554243487	14.9468813372514	0.000848043894201189	0.0185990504796514
Tatro_000243-T1	-0.953946900568281	7.55635060503417	14.9037063568066	0.00085959196323038	0.0187608032363291
Tatro_007194-T1	-0.694773820003095	6.78088702218743	14.7971308584234	0.000888843532169636	0.01925899046089
Tatro_000311-T1	-1.20956302195593	2.351325066124	14.7738134574458	0.000895388024375516	0.0193400065687653
Tatro_001564-T1	-1.81353952740704	5.23082924477137	14.7194116883165	0.000910863549393233	0.0195028288379487
Tatro_009499-T1	-1.01913481395646	3.93518369980458	14.7185132969918	0.000911121563909218	0.0195028288379487
Tatro_005154-T1	-0.616164624050496	6.62998224451579	14.6698624000072	0.000925214432381048	0.0196215287169113
Tatro_003759-T1	-0.853687758222244	4.04081944653228	14.6304617115594	0.000936803165644697	0.019681621648311
Tatro_000287-T1	-0.887389881388856	6.86901552023838	14.539046889594	0.000964309031194537	0.0200719139085678
Tatro_001325-T1	-1.01242721210423	5.7196465593765	14.4676168353547	0.000986418840940563	0.0203905246384771
Tatro_000355-T1	-1.40913964594735	3.5786504969844	14.3791874360358	0.00101456477486884	0.0209176370309631
Tatro_011637-T1	-0.729201354848609	5.19989927342818	14.3569500331504	0.00102178059597831	0.0209290458292414
Tatro_005016-T1	-0.713378716510612	9.68318128098334	14.3249496355324	0.00103226347957749	0.0210156333313847
Tatro_006625-T1	-1.1103852473688	3.47639965081238	14.2896753092253	0.00104395585925965	0.0211901830394193
Tatro_002694-T1	-0.775161874329642	5.44619785942793	14.2523795621162	0.00105647663232314	0.0213479502873025
Tatro_000880-T1	-1.90095514601115	5.31556081958542	14.2390398141465	0.00106099495195836	0.0213911807354474
Tatro_005172-T1	-0.642790937744578	4.96082706555505	14.2283186213325	0.00106464171696089	0.0214166852772088
Tatro_003279-T1	-0.934131826872149	5.80857939920389	14.1347320920406	0.00109706556085843	0.02192180782942
Tatro_006098-T1	-0.647736770620395	7.39495401058301	14.0937370342349	0.0011116088373229	0.0220729796212653
Tatro_000868-T1	-1.05960518995477	2.10520181038407	14.0926563197995	0.00111199508100903	0.0220729796212653
Tatro_008931-T1	-1.66336714095282	1.99302167154924	14.0482738451244	0.00112798523373716	0.0222919631247572
Tatro_000002-T1	-2.50267554988587	2.02867699168261	14.0053552308063	0.00114368840287889	0.0225037628101952
Tatro_000364-T1	-4.52344244075588	1.92549558928262	13.9518045715492	0.00116361919318287	0.0228455541159398
Tatro_001297-T1	-1.09094125229458	3.99238006556791	13.942053487414	0.0011672892939063	0.0228676804592712
Tatro_004223-T1	-0.817205892334994	5.74169532806746	13.879202641957	0.00119125223040792	0.0230804534200327
Tatro_009925-T1	-0.709230322465157	7.18318833132346	13.8016979397176	0.00122154896081802	0.0235313603040624
Tatro_010373-T1	-1.07254937000526	2.14047955612186	13.7418754574088	0.00124551244438713	0.0238290380849556
Tatro_004849-T1	-0.637321814323799	6.29851389078136	13.6899906107441	0.00126671475998203	0.0240462904822975
Tatro_005835-T1	-0.838274100950032	6.51148929874501	13.6879306471166	0.00126756468956951	0.0240462904822975
Tatro_010507-T1	-0.699051769820114	5.89538373135454	13.647224305422	0.00128448903882951	0.0242584748248432
Tatro_006513-T1	-2.8126918157483	2.64114239741126	13.619123668298	0.00129631711441677	0.0242584748248432
Tatro_010359-T1	-2.01150105262273	1.41429314658974	13.6102953676787	0.00130005776552192	0.0242584748248432
Tatro_005986-T1	-0.601409362458248	9.27501107491356	13.6040975315732	0.00130269094205248	0.0242584748248432
Tatro_008207-T1	-0.944062620185291	6.45012892503722	13.5516933219082	0.00132519072526258	0.0245107607737743
Tatro_002134-T1	-0.694599587741588	6.95992427874717	13.4928434773837	0.00135096810045271	0.0248149960229158
Tatro_009246-T1	-2.26844021215098	4.42698127004729	13.4913436907303	0.00135163219328596	0.0248149960229158
Tatro_005972-T1	-1.00092836711813	4.01404498704841	13.4158439501588	0.00138553079380439	0.0252200261090871
Tatro_008148-T1	-0.589629286780231	7.83851578455493	13.3515675861168	0.00141512697099055	0.0256548825063448
Tatro_009173-T1	-0.621162733116196	6.29669460843777	13.3451297813093	0.00141812932560715	0.0256575832914678
Tatro_004806-T1	-0.754740692631938	8.7985274082392	13.2627633298035	0.00145716589068253	0.0262105412445837
Tatro_003064-T1	-1.15497793122813	7.24383832454099	13.258278946707	0.00145932484006297	0.0262105412445837
Tatro_005746-T1	-1.28035734761118	7.42412136963718	13.2337806194251	0.00147118146654137	0.0262477455300397
Tatro_000578-T1	-0.661707131653634	6.53822366391544	13.225449794857	0.00147523747770272	0.0262679908901046
Tatro_006278-T1	-0.704623396856274	5.47090549597184	13.1972350757745	0.00148906585534495	0.0263357386400754
Tatro_007533-T1	-0.91621752263141	5.68406649426009	13.1938034119407	0.00149075744748648	0.0263357386400754
Tatro_002820-T1	-1.5157989658725	4.11437337108808	13.179592807186	0.00149778488260708	0.0263871703516398
Tatro_001220-T1	-0.970945548207781	6.5234104297568	13.1743698969465	0.0015003768596635	0.0263871703516398
Tatro_000624-T1	-1.0901467661796	3.25981929510312	13.1701546981962	0.00150247233318946	0.0263871703516398
Tatro_006591-T1	-1.11595724837151	4.76924758220467	13.1570130425068	0.00150902602493202	0.0264506082186914
Tatro_010003-T1	-1.06847116875264	3.45774378044152	13.0860380523505	0.00154496832959622	0.027027928443053
Tatro_002942-T1	-0.719199281545719	6.47250310068415	13.0636972062239	0.00155647576785857	0.0271533283162987
Tatro_003611-T1	-0.70612126428208	6.68239416465203	13.060411979266	0.0015581758686844	0.0271533283162987
Tatro_004378-T1	-0.605635932614029	5.87216690438509	13.0465938299329	0.00156534911996918	0.0272166296335378
Tatro_000400-T1	-1.35732429541685	3.02362659572638	13.013512337159	0.00158267020306087	0.0274207523428195
Tatro_006360-T1	-0.823910252118369	3.79447386318679	12.9795869954924	0.00160065213348762	0.0275729195101929
Tatro_001265-T1	-0.921512153927681	4.09138874121302	12.9272082227344	0.001628857723493	0.0278984545707601
Tatro_009182-T1	-1.10256018038431	4.58450868263167	12.8807257943691	0.00165434607097902	0.0282274760346173
Tatro_011385-T1	-0.720390160364631	8.36095343497329	12.8165358499902	0.00169026771074608	0.0284703925958303
Tatro_008429-T1	-0.793010345030209	3.58362780257098	12.8156910025578	0.00169074617951217	0.0284703925958303
Tatro_000990-T1	-1.25621514104578	3.40768770911572	12.73498672997	0.00173714579514113	0.0290882960705942
Tatro_009010-T1	-1.02785599657361	7.66364520589829	12.6971081319681	0.00175940463929693	0.0293517004017774
Tatro_011588-T1	-1.16262903954539	4.36665410108764	12.6843150728159	0.00176699298219035	0.0293693177372563
Tatro_000820-T1	-0.665941623887277	3.42401226916799	12.6531035962285	0.0017856578117338	0.0295702302819712
Tatro_002556-T1	-0.745539524758759	6.453108533547	12.6314781794458	0.00179871714068982	0.0297317362666965
Tatro_007323-T1	-1.05031698414565	4.10308123945277	12.6085184676481	0.00181269725021703	0.0298268165781765
Tatro_000495-T1	-0.605430244151926	5.37182900923628	12.5783486381765	0.00183124950847009	0.0298849284576463
Tatro_001425-T1	-1.08233758192099	4.99099587744923	12.5088023136017	0.00187481573908504	0.030266325181064
Tatro_000943-T1	-0.864618224107552	4.55045258108368	12.4837353614674	0.00189079689932054	0.0303630461780258
Tatro_005683-T1	-0.932327982759477	5.19045796529476	12.414252293653	0.00193588346892357	0.0309289902609301
Tatro_004926-T1	-0.631678112738698	7.18517764757326	12.4133122421123	0.00193650150321438	0.0309289902609301
Tatro_005627-T1	-1.32492374171888	5.50157580295878	12.4010975094393	0.00194455180038558	0.0310024996260055
Tatro_009267-T1	-0.98429628445908	5.4669028707016	12.3925927201943	0.00195017873394285	0.0310371808417949
Tatro_006706-T1	-0.893472728595479	3.21939848263517	12.3093847726015	0.00200618515818941	0.031650344077295
Tatro_004627-T1	-2.31601393176641	0.12951164170208	12.298932195855	0.00201334484121583	0.031650344077295
Tatro_002480-T1	-1.09869501623069	3.02807608403138	12.2778545085283	0.00202786800044184	0.0317524656338471
Tatro_002479-T1	-1.14891552496878	5.12241406715963	12.2349976623866	0.00205775424125187	0.03199050978735
Tatro_008846-T1	-1.23712294903244	2.90146259339387	12.1936645651715	0.00208703733551902	0.0323005847177058
Tatro_010816-T1	-2.03721893653167	0.771564006040565	12.1443620995572	0.00212256733279071	0.0326899983237688
Tatro_003226-T1	-0.676827361493534	4.82362587342732	12.1436231789726	0.00212310487334086	0.0326899983237688
Tatro_005796-T1	-0.680240711146437	7.44851887827142	12.1173980031879	0.00214228012907822	0.0328710149964914
Tatro_000356-T1	-1.27690702705386	6.03024147982374	12.1076127271058	0.00214948363188801	0.0328710149964914
Tatro_005721-T1	-0.844696994123512	6.57752462797228	12.0541876537723	0.00218928569230102	0.0332290108903721
Tatro_000219-T1	-0.615868321327932	4.82873117272355	12.0539115205404	0.00218949350784453	0.0332290108903721
Tatro_008261-T1	-1.06579515233284	5.24018738773176	12.0516766390871	0.002191176259496	0.0332290108903721
Tatro_011028-T1	-0.698501712833342	5.65724971660398	12.0136757387195	0.00222000783251594	0.0335501015629972
Tatro_003425-T1	-0.588098827387133	5.59840452157634	11.9741441940074	0.00225044424821979	0.0337947903616965
Tatro_011256-T1	-3.28609070709452	0.453233272865968	11.9437968661028	0.00227412096694734	0.0339682653401835
Tatro_009085-T1	-0.650597628603089	5.64601949820203	11.8934706203184	0.00231399140371199	0.0343356612247166
Tatro_003059-T1	-0.776173546964838	11.4325858022327	11.8436698876778	0.00235420379763734	0.0348174351124259
Tatro_009485-T1	-0.813546880720335	3.22470387277835	11.7874626753375	0.00240051519099858	0.0352703147017307
Tatro_006405-T1	-0.64386448265128	4.69235692039623	11.7370729606612	0.00244288642508332	0.0356597966466709
Tatro_006111-T1	-0.585317870439485	3.49812315632143	11.7124669442065	0.00246387539049115	0.0358497856169845
Tatro_001061-T1	-1.84528212250168	0.509749026183326	16.4476020223224	0.00247313580497904	0.0359263928245097
Tatro_009219-T1	-1.5233749375767	3.16248252899512	11.5703597054421	0.0025890434903845	0.0371302696420054
Tatro_002578-T1	-0.824146184016141	7.9256302424387	11.5335168073925	0.00262262588862776	0.0374922925127834
Tatro_001561-T1	-1.27302496009375	1.20934918108558	11.5239439115143	0.00263142987552987	0.037558440382166
Tatro_000889-T1	-2.28349329503295	2.75000108553608	11.5191996764349	0.00263580509740199	0.0375612669347681
Tatro_007481-T1	-0.866113643048301	3.39108455453657	11.5125467886438	0.00264195400628771	0.0375893202919923
Tatro_006732-T1	-0.903487774296821	3.8076831606006	11.4991163527752	0.00265441520379428	0.0375944886696489
Tatro_004214-T1	-0.677831798120794	6.19927949568744	11.4918246218717	0.00266120779491259	0.0376251265595188
Tatro_003771-T1	-0.719340289849681	7.52049832309378	11.4791150918747	0.00267309310280771	0.0377338354481113
Tatro_005674-T1	-1.64422661746312	1.64799740935251	11.4396576649053	0.00271036551251417	0.0380415493616289
Tatro_003325-T1	-1.82035559931771	1.78103672342805	11.4224481124404	0.00272680090979406	0.038192202150885
Tatro_010442-T1	-0.882071600021143	5.30572808627689	11.3960498747641	0.00275222525612622	0.038225379356849
Tatro_000579-T1	-1.57900323869607	2.55677987138251	11.3195400854262	0.00282739846601858	0.0391137953945216
Tatro_000998-T1	-0.60064266916003	6.5821771670781	11.2906370556091	0.00285638244850033	0.0393332174225344
Tatro_003760-T1	-0.640706008409872	10.2961628321058	11.2757311917575	0.00287145778524376	0.0393599823245608
Tatro_011396-T1	-1.00804629546935	3.00150000167754	11.2228397674983	0.00292566163735914	0.0399204088666668
Tatro_011357-T1	-1.41411345289316	1.96956392047406	11.1755748308109	0.00297505360432371	0.0404103957856175
Tatro_005234-T1	-0.813938849203082	5.98531535882664	11.168049571762	0.00298300190844149	0.0404572445862834
Tatro_000727-T1	-2.36019760492933	0.0157478008472008	11.1590063208345	0.00299258448833988	0.0405260839143859
Tatro_000363-T1	-2.54183848764447	5.53466440140311	11.1330564722721	0.00302027065421216	0.0408395093574071
Tatro_008347-T1	-0.642115433661066	4.24088549746882	11.1188522162255	0.00303554468122577	0.0409451837694186
Tatro_010682-T1	-0.572039785108415	6.00509241810228	11.0836935861347	0.00307371834405128	0.0412337190935694
Tatro_005591-T1	-0.716494142004289	6.92320469770115	11.031847990812	0.0031309780540407	0.0417472250612525
Tatro_008590-T1	-0.844305070199028	3.25726983970618	10.9907799359999	0.00317716883588053	0.0422619854618901
Tatro_008002-T1	-0.897768511108212	9.19255721112198	10.9759245911814	0.00319406161769743	0.04242393215116
Tatro_005583-T1	-0.71575396913061	5.25805952817317	10.8461292357516	0.00334593952319089	0.0441881091112668
Tatro_000312-T1	-0.91196136318797	4.05507659561533	10.8200559931969	0.00337739840280252	0.0444649581815523
Tatro_003798-T1	-0.590705588509223	5.92114380849895	10.7310005911119	0.00348733096175878	0.0454923585357741
Tatro_010888-T1	-1.26987453039312	3.10089309561005	10.6861635696569	0.00354416646309967	0.0459557713690181
Tatro_001517-T1	-0.590573956750427	5.72323916786726	10.6601874610775	0.00357756024090775	0.0461619945806593
Tatro_003609-T1	-1.21582926670036	4.01406243266972	10.6188015533017	0.00363148270040393	0.0466736643181958
Tatro_006704-T1	-0.976651462218342	3.1109603433741	10.6139208885655	0.00363790062037347	0.0466736643181958
Tatro_000299-T1	-0.93233784932703	4.69580529664841	10.6133940374371	0.00363859416003728	0.0466736643181958
Tatro_009422-T1	-0.722839466745698	3.20413563395023	10.5848154925948	0.00367643376891683	0.0468914786526244
Tatro_002350-T1	-0.971869078352226	3.39290112399884	10.5657854217432	0.00370187109735691	0.0470840511707436
Tatro_007244-T1	-0.615002505800635	5.48994929092292	10.5431579959386	0.00373236970844375	0.0474032039806867
Tatro_002272-T1	-0.594658480662756	7.29083476633574	10.488829015121	0.0038067344379524	0.0481796479191743
Tatro_006869-T1	-1.61930061261362	1.76603651316146	10.3869757850105	0.00395059018866638	0.0495449190745998
Tatro_001406-T1	-1.05031508986317	8.58363156090652	10.3728195171611	0.00397105426348693	0.0497322004697415
